0,0,0
0,0,0
0.8281848,-0.8281848,0
0.8912836,-0.8912836,0
0.9418327,-0.9418327,0
0.99238,-0.99238,0
1,-1,0
1,-1,0
1,-1,0
1,-1,0
1,-1,0
1,-1,0
1,-1,0
1,-1,0
1,-1,0
1,-1,0
1,-1,0
1,-1,0
1,-1,0
1,-1,0
1,-1,0
1,-1,0
1,-1,0
1,-1,0
1,-1,0
1,-1,0
1,-1,0
1,-1,0
1,-1,0
1,-1,0
1,-1,0
1,-1,0
1,-1,0
1,-1,0
1,-1,0
1,-1,0
1,-1,0
1,-1,0
1,-1,0
1,-1,0
1,-1,0
1,-1,0
1,-1,0
1,-1,0
1,-1,0
1,-1,0
1,-1,0
1,-1,0
1,-1,1
1,-1,1
1,-1,1
1,-1,1
1,-1,1
1,-1,1
1,-1,1
1,-1,1
1,-1,1
1,-1,1
1,-1,1
1,-1,1
1,-1,1
1,-1,1
1,-1,1
1,-1,1
1,-1,1
1,-1,1
1,-1,1
1,-1,1
1,-1,1
1,-1,1
1,-1,1
1,-1,1
1,-1,1
1,-1,1
1,-1,1
1,-1,1
1,-1,1
1,-1,1
1,-1,1
1,-1,1
1,-1,1
1,-1,1
1,-1,1
1,-1,1
1,-1,1
1,-1,1
1,-1,1
1,-1,1
1,-1,1
1,-1,1
1,-1,1
1,-1,1
1,-1,1
1,-1,1
1,-1,1
1,-1,1
1,-1,1
1,-1,1
1,-1,1
1,-1,1
1,-1,1
1,-1,1
1,-1,1
1,-1,1
1,-1,1
1,-1,1
1,-1,1
1,-1,1
1,-1,1
1,-1,1
1,-1,1
1,-1,1
1,-1,1
1,-1,1
1,-1,1
1,-1,1
1,-1,1
1,-1,1
1,-1,1
1,-1,1
1,-1,1
1,-1,1
1,-1,1
1,-1,1
1,-1,1
1,-1,1
1,-1,1
1,-1,1
1,-1,1
1,-1,1
1,-1,1
1,-1,1
1,-1,1
1,-1,1
1,-1,1
1,-1,1
1,-1,1
1,-1,1
1,-1,1
1,-1,1
1,-1,1
1,-1,1
1,-1,1
1,-1,1
1,-1,1
1,-1,1
1,-1,1
1,-1,1
1,-1,1
1,-1,1
1,-1,1
1,-1,1
1,-1,1
1,-1,1
1,-1,1
1,-1,1
1,-1,1
1,-1,1
1,-1,1
1,-1,1
1,-1,1
1,-1,1
1,-1,1
1,-1,1
1,-1,1
1,-1,1
1,-1,1
1,-1,1
1,-1,1
1,-1,1
1,-1,1
1,-1,1
1,-1,1
1,-1,1
1,-1,1
1,-1,1
1,-1,1
1,-1,1
1,-1,1
1,-1,1
1,-1,1
1,-1,1
1,-1,1
1,-1,1
1,-1,1
1,-1,1
1,-1,1
1,-1,1
1,-1,1
1,-1,1
1,-1,1
1,-1,1
1,-1,1
1,-1,1
1,-1,1
1,-1,1
1,-1,1
1,-1,1
1,-1,1
1,-1,1
1,-1,1
1,-1,1
1,-1,1
1,-1,1
1,-1,1
1,-1,1
1,-1,1
1,-1,1
1,-1,1
1,-1,1
1,-1,1
1,-1,1
1,-1,1
1,-1,1
1,-1,1
1,-1,1
1,-1,1
1,-1,1
1,-1,1
1,-1,1
1,-1,1
1,-1,1
1,-1,1
1,-1,1
1,-1,1
1,-1,1
1,-1,1
1,-1,1
1,-1,1
1,-1,1
1,-1,1
1,-1,1
1,-1,1
1,-1,1
1,-1,1
1,-1,1
1,-1,1
1,-1,1
1,-1,1
1,-1,1
1,-1,1
1,-1,0
1,-1,0
1,-1,0
1,-1,0
1,-1,0
1,-1,0
1,-1,0
1,-1,0
1,-1,0
1,-1,0
1,-1,0
1,-1,0
1,-1,0
1,-1,0
1,-1,0
1,-1,0
1,-1,0
1,-1,0
1,-1,0
1,-1,0
1,-1,0
1,-1,0
1,-1,0
1,-1,0
1,-1,0
1,-1,0
1,-1,0
1,-1,0
1,-1,0
1,-1,0
1,-1,0
1,-1,0
1,-1,0
1,-1,0
1,-1,0
1,-1,0
1,-1,0
1,-1,0
1,-1,0
1,-1,0
1,-1,0
1,-1,0
1,-1,0
1,-1,0
1,-1,0
1,-1,0
1,-1,0
1,-1,0
1,-1,0
1,-1,0
1,-1,0
1,-1,0
1,-1,0
1,-1,0
1,-1,0
1,-1,0
1,-1,0
1,-1,0
1,-1,0
1,-1,0
1,-1,0
1,-1,0
1,-1,0
1,-1,0
1,-1,0
1,-1,0
1,-1,0
1,-1,0
1,-1,0
1,-1,0
1,-1,0
1,-1,0
1,-1,0
1,-1,0
1,-1,0
1,-1,0
1,-1,0
1,-1,0
1,-1,0
1,-1,0
1,-1,0
1,-1,0
1,-1,0
1,-1,0
1,-1,0
1,-1,0
1,-1,0
1,-1,0
1,-1,0
1,-1,0
1,-1,0
1,-1,0
1,-1,0
1,-1,0
1,-1,0
1,-1,0
1,-1,0
1,-1,0
1,-1,0
1,-1,0
1,-1,0
1,-1,0
1,-1,0
1,-1,0
1,-1,0
1,-1,0
1,-1,0
1,-1,0
1,-1,0
1,-1,0
1,-1,0
1,-1,0
1,-1,0
1,-1,0
1,-1,0
1,-1,0
1,-1,0
1,-1,0
1,-1,0
1,-1,0
1,-1,0
1,-1,0
1,-1,0
1,-1,0
1,-1,0
1,-1,0
1,-1,0
1,-1,0
1,-1,0
1,-1,0
1,-1,0
1,-1,0
1,-1,0
1,-1,0
1,-1,0
1,-1,0
1,-1,0
1,-1,0
1,-1,0
1,-1,0
1,-1,0
1,-1,0
1,-1,0
1,-1,0
1,-1,0
1,-1,0
1,-1,0
1,-1,0
1,-1,0
1,-1,0
1,-1,0
1,-1,0
1,-1,0
1,-1,0
1,-1,0
1,-1,0
1,-1,0
1,-1,0
1,-1,0
1,-1,0
1,-1,0
1,-1,0
1,-1,0
1,-1,0
1,-1,0
1,-1,0
1,-1,0
1,-0.9494509,0
0.9494535,-0.8989044,0
0.8989053,-0.8483562,0
0.8989053,-0.8483562,0
0.7978116,-0.7472625,0
0.7472643,-0.6967152,0
0.6967152,-0.6461661,0
0.6461661,-0.595617,0
0.5956188,-0.5450697,0
0.5450749,-0.4945259,0
0.5450749,-0.4945259,0
0.4439794,-0.3934304,0
0.3934304,-0.3428813,0
0.3428839,-0.2923349,0
0.2923357,-0.2417867,0
0.2417893,-0.1912403,0
0.2417893,-0.1912403,0
0.1406912,-0.09014212,0
0.09014735,-0.03959829,0
0.03959741,0,0
0,0,0
0,0,0
0,0,0
0,0,0
0,0,0
0,0,0
0,0,0
0,0,0
0,0,0
0,0,0
0,0,0
0,0.05054906,0
0.05054644,0.1010955,0
0.1010938,0.1516428,0
0.1516411,0.2021901,0
0.1516411,0.2021901,0
0.2527375,0.3032865,0
0.3032839,0.353833,0
0.3538312,0.4043803,0
0.4043786,0.4549276,0
0.4549259,0.5054749,0
0.4549259,0.5054749,0
0.5560231,0.6065722,0
0.6065678,0.6571168,0
0.657116,0.707665,0
0.7076633,0.7582123,0
0.7582115,0.8087605,0
0.8087938,0.8593428,0
0.8087938,0.8593428,0
0.9098535,0.9604025,0
0.9604017,1,0
1,1,0
1,1,0
1,1,0
1,1,0
1,1,0
1,1,0
1,1,0
1,1,0
1,1,0
1,1,0
1,1,0
1,1,0
1,1,0
1,1,0
1,1,0
1,1,0
1,1,0
1,1,0
1,1,0
1,1,0
1,1,0
1,1,0
1,1,0
1,1,0
1,1,0
1,1,0
1,1,0
1,1,0
1,1,0
1,1,0
1,1,1
1,1,1
1,1,1
1,1,1
1,1,1
1,1,1
1,1,1
1,1,1
1,1,1
1,1,1
1,1,1
1,1,1
1,1,1
1,1,1
1,1,1
1,1,1
1,1,1
1,1,1
1,1,1
1,1,1
1,1,1
1,1,1
1,1,1
1,1,1
1,1,1
1,1,1
1,1,1
1,1,1
1,1,1
1,1,1
1,1,1
1,1,1
1,1,1
1,1,1
1,1,1
1,1,1
1,1,1
1,1,1
1,1,1
1,1,1
1,1,1
1,1,1
1,1,1
1,1,1
1,1,1
1,1,1
1,1,1
1,1,1
1,1,1
1,1,1
1,1,1
1,1,1
1,1,1
1,1,1
1,1,1
1,1,1
1,1,1
1,1,1
1,1,1
1,1,1
1,1,1
1,1,1
1,1,1
1,1,1
1,1,1
1,1,1
1,1,1
1,1,1
1,1,1
1,1,1
1,1,1
1,1,1
1,1,1
1,1,1
1,1,1
1,1,1
1,1,1
1,1,1
1,1,1
1,1,1
1,1,1
1,1,1
1,1,1
1,1,1
1,1,1
1,1,1
1,1,1
1,1,1
1,1,1
1,1,1
1,1,1
1,1,1
1,1,1
1,1,1
1,1,1
1,1,1
1,1,1
1,1,1
1,1,1
1,1,1
1,1,1
1,1,1
1,1,1
1,1,1
1,1,1
1,1,1
1,1,1
1,1,1
1,1,1
1,1,1
1,1,1
1,1,1
1,1,1
1,1,1
1,1,1
1,1,1
1,1,1
1,1,1
1,1,1
1,1,1
1,1,1
1,1,1
1,1,1
1,1,1
1,1,1
1,1,1
1,1,1
1,1,1
1,1,1
1,1,1
1,1,1
1,1,1
1,1,1
1,1,1
1,1,1
1,1,1
1,1,1
1,1,1
1,1,1
1,1,1
1,1,1
1,1,1
1,1,1
1,1,0
1,1,0
1,1,0
1,1,0
1,1,0
1,1,0
1,1,0
1,1,0
1,1,0
1,1,0
1,1,0
1,1,0
1,1,0
1,1,0
1,1,0
1,1,0
1,1,0
1,1,0
1,1,0
1,1,0
1,1,0
1,1,0
1,1,0
1,1,0
1,1,0
1,1,0
1,1,0
1,1,0
1,1,0
1,1,0
1,1,0
1,1,0
1,1,0
1,1,0
1,1,0
1,1,0
1,1,0
1,1,0
1,1,0
1,1,0
1,1,0
1,1,0
1,1,0
1,1,0
1,1,0
1,1,0
1,1,0
1,1,0
1,1,0
1,1,0
1,1,0
1,1,0
1,1,0
1,1,0
1,1,0
1,1,0
1,1,0
1,1,0
1,1,0
1,1,0
1,1,0
1,1,0
1,1,0
1,1,0
1,1,0
1,1,0
1,1,0
1,1,0
1,1,0
1,1,0
1,1,0
1,1,0
1,1,0
1,1,0
1,1,0
1,1,0
1,1,0
1,1,0
1,1,0
1,1,0
1,1,0
1,1,0
1,1,0
1,1,0
1,1,0
1,1,0
1,1,0
1,1,0
1,1,0
1,1,0
1,1,0
1,1,0
1,1,0
1,1,0
1,1,0
1,1,0
1,1,0
1,1,0
1,1,0
1,1,0
1,1,0
1,1,0
1,1,0
1,1,0
1,1,0
1,1,0
1,1,0
1,1,0
1,1,0
1,1,0
1,1,0
1,1,0
1,1,0
1,1,0
1,1,0
1,1,0
1,1,0
1,1,0
1,1,0
1,1,0
1,1,0
1,1,0
1,1,0
1,1,0
1,1,0
1,1,0
1,1,0
1,1,0
1,1,0
1,1,0
1,1,0
1,0.9494527,0
1,0.8989062,0
1,0.848358,0
1,0.7978072,0
1,0.7472625,0
1,0.7472625,0
1,0.6461679,0
1,0.5956206,0
0.9494492,0.5450698,0
0.8989027,0.4945234,0
0.8468499,0.4424706,0
0.7963,0.3919206,0
0.7963,0.3919206,0
0.6952045,0.2908251,0
0.6446589,0.2402795,0
0.5941107,0.1897313,0
0.5435634,0.139184,0
0.4930152,0.08863582,0
0.4930152,0.08863582,0
0.3919215,0,0
0.3413733,0,0
0.2908268,0,0
0.240276,0,0
0.1897313,0,0
0.1897313,0,0
0.08863668,0,0
0.03805791,0,0
0,0,0
0,0,0
0,0,0
0,0,0
0,0,0
0,0,0
0,0,0
0,0,0
0,0,0
0,0,0
0,0,0
0,0,0
0,0,0
0,0,0
0,0,0
0,0,0
0,0,0
0,0,0
0,0,0
0,0,0
0,0,0
0,0,0
0,0,0
0,0,0
0,0,0
0,0,0
0,0,0
0,0,0
0,0,0
0,0,0
0,0,0
0,0,0
0,0,0
0,0,0
0,0,0
0,0,0
0,0,0
0,0,0
0,0,0
0,0,0
0,0,0
0,0,0
0,0,0
0,0,0
0,0,0
0,0,0
0,0,0
0,0,0
0,0,0
0,0,0
0,0,0
0,0,0
0,0,0
0,0,0
0,0,0
0,0,0
0,0,0
0,0,0
0,0,0
0,0,0
0,0,0
0,0,0
0,0,0
0,0,0
0,0,0
0,0,0
0,0,0
0,0,0
0,0,0
0,0,0
0,0,0
0,0,0
0,0,0
0,0,0
0,0,0
0,0,0
0,0,0
0,0,0
0,0,0
0,0,0
0,0,0
0,0,0
0,0,0
0,0,0
0,0,0
0,0,0
0,0,0
0,0,0
0,0,0
0,0,0
0,0,0
0,0,0
0,0,0
0,0,0
0,0,0
0,0,0
0,0,0
0,0,0
0,0,0
0,0,0
0,0,0
0,0,0
0,0,0
0,0,0
0,0,0
0,0,0
0,0,0
0,0,0
0,0,0
0,0,0
0,0,0
0,0,0
0,0,0
0,0,0
0,0,0
0,0,0
0,0,0
0,0,0
0,0,0
0,0,0
0,0,0
0,0,0
0,0,0
0,0,0
0,0,0
0,0,0
0,0,0
0,0,0
0,0,0
0,0,0
0,0,0
0,0,0
0,0,0
0,0,0
0,0,0
0,0,0
0,0,0
0,0,0
0,0,0
0,0,0
0,0,0
0,0,0
0,0,0
0,0,0
0,0,0
0,0,0
0,0,0
0,0,0
0,0,0
0,0,0
0,0,0
0,0,0
0,0,0
0,0,0
0,0,0
0,0,0
0,0,0
0,0,0
0,0,0
0,0,0
0,0,0
0,0,0
0,0,0
0,0,0
0,0,0
0,0,0
0,0,0
0,0,0
0,0,0
0,0,0
0,0,0
0,0,0
0,0,0
0,0,0
0,0,0
0,0,0
0,0,0
0,0,0
0,0,0
0,0,0
0,0,0
0,0,0
0,0,0
0,0,0
